#cicle	avCl	components	diam	aspl	order
0	0.000000	1	98	33.333333	2500
1	0.037848	1	9	5.057217	2500
2	0.046800	1	9	4.837447	2500
3	0.045968	1	8	4.666959	2500
4	0.045585	1	8	4.572406	2500
5	0.047133	1	8	4.500309	2500
6	0.047764	1	7	4.446940	2500
7	0.051718	1	7	4.428124	2500
8	0.052935	1	7	4.424275	2500
9	0.052689	1	7	4.400552	2500
10	0.052147	1	7	4.391274	2500
11	0.056125	1	7	4.385100	2500
12	0.055817	1	7	4.379178	2500
13	0.056358	1	7	4.371971	2500
14	0.052064	1	7	4.348506	2500
15	0.054122	1	7	4.357111	2500
16	0.054588	1	7	4.358250	2500
17	0.052484	1	7	4.347234	2500
18	0.052458	1	7	4.339739	2500
19	0.051367	1	7	4.341454	2500
20	0.052166	1	7	4.339761	2500
21	0.054935	1	7	4.334835	2500
22	0.053839	1	7	4.340384	2500
23	0.053941	1	7	4.333970	2500
24	0.051338	1	7	4.331929	2500
25	0.056207	1	7	4.344304	2500
26	0.055054	1	7	4.333226	2500
27	0.059026	1	7	4.348290	2500
28	0.057848	1	7	4.339341	2500
29	0.057949	1	7	4.338129	2500
30	0.057757	1	7	4.342675	2500
