#cicle	avCl	components	diam	aspl	order
0	0.000000	1	98	33.333333	2500
1	0.335087	1	58	21.963432	2500
2	0.396944	1	43	16.830980	2500
3	0.315143	1	34	14.266719	2500
4	0.281412	1	32	13.094038	2500
5	0.256018	1	28	12.184479	2500
6	0.237997	1	26	11.384305	2500
7	0.226602	1	26	10.780803	2500
8	0.213707	1	24	10.172970	2500
9	0.208661	1	23	9.935815	2500
10	0.208973	1	22	9.559299	2500
11	0.206109	1	21	9.299470	2500
12	0.200942	1	20	9.043195	2500
13	0.199012	1	20	8.882448	2500
14	0.192915	1	20	8.823099	2500
15	0.196547	1	20	8.656606	2500
16	0.197612	1	19	8.498278	2500
17	0.193405	1	18	8.329061	2500
18	0.189648	1	18	8.234568	2500
19	0.192859	1	17	8.041479	2500
20	0.195788	1	17	8.001709	2500
21	0.192106	1	17	7.906130	2500
22	0.195710	1	18	7.885971	2500
23	0.190593	1	17	7.734300	2500
24	0.190470	1	16	7.683283	2500
25	0.190976	1	16	7.588408	2500
26	0.190667	1	16	7.526640	2500
27	0.189302	1	16	7.528781	2500
28	0.190720	1	16	7.586166	2500
29	0.190684	1	16	7.405785	2500
30	0.191251	1	15	7.417202	2500
