#cicle	avCl	components	diam	aspl	order
0	0.000000	1	98	33.333333	2500
1	0.365319	1	39	15.562911	2500
2	0.369146	1	35	14.532785	2500
3	0.369086	1	35	14.528619	2500
4	0.368623	1	34	14.454155	2500
5	0.369298	1	34	14.426310	2500
6	0.368741	1	34	14.424487	2500
7	0.369485	1	34	14.413761	2500
8	0.370999	1	34	14.413471	2500
9	0.369655	1	34	14.404797	2500
10	0.370260	1	34	14.374637	2500
11	0.370467	1	34	14.342832	2500
12	0.370953	1	34	14.311354	2500
13	0.371424	1	33	14.295148	2500
14	0.371726	1	34	14.306337	2500
15	0.370699	1	34	14.263423	2500
16	0.371657	1	33	14.202087	2500
17	0.372732	1	32	14.171642	2500
18	0.375680	1	33	14.170281	2500
19	0.376682	1	32	14.142425	2500
20	0.377687	1	32	14.155065	2500
21	0.378258	1	32	14.141285	2500
22	0.379877	1	32	14.113664	2500
23	0.380473	1	32	14.032613	2500
24	0.380351	1	31	14.029368	2500
25	0.382202	1	31	13.929281	2500
26	0.381961	1	31	13.918680	2500
27	0.383723	1	31	13.875516	2500
28	0.383386	1	30	13.804486	2500
29	0.383299	1	30	13.761609	2500
30	0.384973	1	30	13.735772	2500
