#cicle	avCl	components	diam	aspl	order
0	0.000000	1	98	33.333333	2500
1	0.039728	1	10	5.051716	2500
2	0.043989	1	8	4.767651	2500
3	0.046235	1	8	4.641563	2500
4	0.047416	1	8	4.550500	2500
5	0.047877	1	8	4.487608	2500
6	0.048126	1	7	4.454501	2500
7	0.057048	1	7	4.439304	2500
8	0.055487	1	7	4.415186	2500
9	0.053657	1	7	4.399503	2500
10	0.054637	1	7	4.376902	2500
11	0.054052	1	7	4.373846	2500
12	0.055345	1	7	4.359164	2500
13	0.055727	1	7	4.361439	2500
14	0.055169	1	7	4.351550	2500
15	0.054435	1	7	4.346379	2500
16	0.053874	1	7	4.344404	2500
17	0.052867	1	7	4.344778	2500
18	0.055582	1	7	4.343945	2500
19	0.054770	1	7	4.344769	2500
20	0.053158	1	7	4.344050	2500
21	0.051773	1	7	4.335073	2500
22	0.055350	1	7	4.337095	2500
23	0.055691	1	7	4.335450	2500
24	0.057803	1	7	4.343469	2500
25	0.056290	1	7	4.330590	2500
26	0.052418	1	7	4.330050	2500
27	0.053729	1	7	4.331009	2500
28	0.054185	1	7	4.332453	2500
29	0.053563	1	7	4.330956	2500
30	0.055798	1	7	4.335913	2500
