#cicle	avCl	components	diam	aspl	order
0	0.000000	1	98	33.333333	2500
1	0.037877	1	10	5.100714	2500
2	0.041336	1	9	4.803462	2500
3	0.042805	1	8	4.640444	2500
4	0.045879	1	8	4.551837	2500
5	0.047686	1	8	4.503128	2500
6	0.048936	1	7	4.445473	2500
7	0.052260	1	7	4.430112	2500
8	0.053205	1	7	4.398948	2500
9	0.052580	1	7	4.377975	2500
10	0.052899	1	7	4.376576	2500
11	0.052715	1	7	4.371621	2500
12	0.058244	1	7	4.359402	2500
13	0.057865	1	7	4.360772	2500
14	0.054215	1	7	4.351269	2500
15	0.056218	1	7	4.352974	2500
16	0.052299	1	7	4.348463	2500
17	0.051095	1	7	4.338144	2500
18	0.054964	1	7	4.335255	2500
19	0.052236	1	7	4.336308	2500
20	0.054201	1	7	4.330527	2500
21	0.054655	1	7	4.332115	2500
22	0.055162	1	7	4.335857	2500
23	0.051025	1	7	4.325718	2500
24	0.053640	1	7	4.328820	2500
25	0.052722	1	7	4.331590	2500
26	0.052927	1	7	4.336280	2500
27	0.053839	1	7	4.333035	2500
28	0.053287	1	7	4.333326	2500
29	0.055546	1	7	4.342773	2500
30	0.052730	1	7	4.334212	2500
