#cicle	avCl	components	diam	aspl	order
0	0.000000	1	98	33.333333	2500
1	0.037659	1	9	5.073139	2500
2	0.043934	1	9	4.800281	2500
3	0.046339	1	8	4.646630	2500
4	0.045227	1	8	4.552080	2500
5	0.046074	1	8	4.490877	2500
6	0.048240	1	7	4.435579	2500
7	0.050388	1	7	4.425151	2500
8	0.054073	1	7	4.413609	2500
9	0.057232	1	7	4.416733	2500
10	0.056512	1	7	4.394869	2500
11	0.052317	1	7	4.384631	2500
12	0.054097	1	7	4.380929	2500
13	0.055884	1	7	4.367275	2500
14	0.052981	1	7	4.359334	2500
15	0.054810	1	7	4.353728	2500
16	0.052997	1	7	4.346100	2500
17	0.052548	1	7	4.347115	2500
18	0.051541	1	7	4.340235	2500
19	0.053991	1	7	4.341587	2500
20	0.053016	1	7	4.337942	2500
21	0.055274	1	7	4.342117	2500
22	0.053319	1	7	4.334539	2500
23	0.057560	1	7	4.347928	2500
24	0.058115	1	7	4.357500	2500
25	0.054059	1	7	4.352390	2500
26	0.053483	1	7	4.342809	2500
27	0.055933	1	7	4.341628	2500
28	0.058580	1	7	4.348943	2500
29	0.055456	1	7	4.349849	2500
30	0.057902	1	7	4.346503	2500
