#cicle	avCl	components	diam	aspl	order
0	0.000000	1	98	33.333333	2500
1	0.036982	1	10	5.066267	2500
2	0.044691	1	9	4.782215	2500
3	0.044121	1	8	4.613140	2500
4	0.044527	1	8	4.547694	2500
5	0.044840	1	8	4.492542	2500
6	0.045026	1	7	4.445373	2500
7	0.050333	1	7	4.428779	2500
8	0.053586	1	7	4.409698	2500
9	0.053995	1	7	4.382282	2500
10	0.052883	1	7	4.368351	2500
11	0.053337	1	7	4.361228	2500
12	0.053842	1	7	4.356308	2500
13	0.056072	1	7	4.352885	2500
14	0.053956	1	7	4.351022	2500
15	0.051380	1	7	4.342520	2500
16	0.053805	1	7	4.344315	2500
17	0.055871	1	7	4.347700	2500
18	0.052576	1	7	4.339734	2500
19	0.052509	1	7	4.335745	2500
20	0.052936	1	7	4.339961	2500
21	0.055164	1	7	4.343387	2500
22	0.058423	1	7	4.340033	2500
23	0.054775	1	7	4.342449	2500
24	0.056699	1	7	4.342957	2500
25	0.055632	1	7	4.341569	2500
26	0.052480	1	7	4.334719	2500
27	0.055672	1	7	4.338202	2500
28	0.056041	1	7	4.340215	2500
29	0.056829	1	7	4.339806	2500
30	0.057580	1	7	4.341407	2500
