#cicle	avCl	components	diam	aspl	order
0	0.000000	1	98	33.333333	2500
1	0.339187	1	59	21.992918	2500
2	0.396796	1	44	16.731819	2500
3	0.310899	1	35	14.199278	2500
4	0.276998	1	33	13.067350	2500
5	0.258232	1	31	12.237102	2500
6	0.243666	1	27	11.341768	2500
7	0.234376	1	27	11.019110	2500
8	0.228824	1	26	10.743090	2500
9	0.222483	1	25	10.341742	2500
10	0.212778	1	23	9.928694	2500
11	0.207972	1	22	9.535986	2500
12	0.205227	1	22	9.243261	2500
13	0.199377	1	21	8.974773	2500
14	0.200322	1	20	8.763855	2500
15	0.192592	1	19	8.398190	2500
16	0.191115	1	19	8.442408	2500
17	0.190794	1	18	8.164220	2500
18	0.192728	1	18	8.188447	2500
19	0.189156	1	18	8.040639	2500
20	0.186214	1	17	7.816895	2500
21	0.191323	1	17	7.724237	2500
22	0.188654	1	17	7.742109	2500
23	0.189107	1	17	7.746727	2500
24	0.183518	1	16	7.670481	2500
25	0.182419	1	16	7.490931	2500
26	0.184900	1	16	7.419068	2500
27	0.183654	1	16	7.369336	2500
28	0.184842	1	15	7.246210	2500
29	0.188694	1	16	7.287457	2500
30	0.186975	1	16	7.301290	2500
