#cicle	avCl	components	diam	aspl	order
0	0.000000	1	98	33.333333	2500
1	0.364025	1	38	15.269465	2500
2	0.367536	1	37	14.374954	2500
3	0.367576	1	35	14.389337	2500
4	0.368501	1	35	14.395864	2500
5	0.367423	1	35	14.386538	2500
6	0.369526	1	34	14.373854	2500
7	0.370062	1	34	14.368863	2500
8	0.371176	1	34	14.286104	2500
9	0.371449	1	34	14.270938	2500
10	0.372592	1	33	14.218693	2500
11	0.373574	1	33	14.203334	2500
12	0.373738	1	33	14.194994	2500
13	0.374505	1	33	14.169635	2500
14	0.374039	1	33	14.118265	2500
15	0.373469	1	34	14.156957	2500
16	0.374877	1	33	14.090596	2500
17	0.375965	1	33	14.033211	2500
18	0.377846	1	31	13.919631	2500
19	0.378870	1	31	13.916773	2500
20	0.381200	1	31	13.887185	2500
21	0.384116	1	31	13.861089	2500
22	0.384108	1	31	13.790655	2500
23	0.384549	1	31	13.714416	2500
24	0.384350	1	31	13.693411	2500
25	0.385476	1	31	13.669275	2500
26	0.386770	1	31	13.645967	2500
27	0.389539	1	31	13.613469	2500
28	0.390612	1	30	13.512551	2500
29	0.391789	1	30	13.333996	2500
30	0.394772	1	29	13.210216	2500
