#cicle	avCl	components	diam	aspl	order
0	0.000000	1	98	33.333333	2500
1	0.338353	1	59	21.869046	2500
2	0.400170	1	44	16.801158	2500
3	0.317298	1	36	14.284016	2500
4	0.282616	1	32	13.187984	2500
5	0.261024	1	30	12.362629	2500
6	0.243369	1	29	11.848518	2500
7	0.233074	1	27	11.174583	2500
8	0.224454	1	25	10.712941	2500
9	0.226469	1	25	10.386614	2500
10	0.219545	1	24	10.047434	2500
11	0.212260	1	23	9.646069	2500
12	0.212569	1	23	9.519100	2500
13	0.210686	1	22	9.233209	2500
14	0.206064	1	23	9.152834	2500
15	0.202515	1	20	8.827614	2500
16	0.195607	1	21	8.806153	2500
17	0.200325	1	20	8.468229	2500
18	0.199852	1	19	8.291942	2500
19	0.198978	1	18	8.147419	2500
20	0.197321	1	18	8.013686	2500
21	0.193254	1	18	7.846644	2500
22	0.198375	1	18	7.841925	2500
23	0.196641	1	18	7.927266	2500
24	0.194647	1	18	7.724474	2500
25	0.191294	1	17	7.673365	2500
26	0.192149	1	17	7.665464	2500
27	0.193002	1	16	7.576346	2500
28	0.191460	1	16	7.447768	2500
29	0.190281	1	16	7.455851	2500
30	0.189411	1	16	7.319849	2500
