#cicle	avCl	components	diam	aspl	order
0	0.000000	1	98	33.333333	2500
1	0.365179	1	41	15.946736	2500
2	0.370675	1	37	15.167928	2500
3	0.369076	1	37	14.995590	2500
4	0.369897	1	37	14.976306	2500
5	0.373897	1	37	14.912207	2500
6	0.375510	1	37	14.806013	2500
7	0.379032	1	36	14.710367	2500
8	0.379701	1	36	14.545382	2500
9	0.381279	1	34	14.360156	2500
10	0.386602	1	34	14.270265	2500
11	0.385440	1	34	14.262478	2500
12	0.389687	1	33	14.092793	2500
13	0.393114	1	34	13.869069	2500
14	0.396487	1	33	13.645421	2500
15	0.398606	1	32	13.483149	2500
16	0.403571	1	32	13.308036	2500
17	0.406666	1	32	13.150735	2500
18	0.410866	1	31	12.911188	2500
19	0.414552	1	31	12.805630	2500
20	0.414925	1	30	12.672058	2500
21	0.419430	1	30	12.508268	2500
22	0.421578	1	29	12.364998	2500
23	0.421491	1	30	12.392664	2500
24	0.424720	1	29	12.188438	2500
25	0.424101	1	29	12.107324	2500
26	0.427538	1	29	11.978951	2500
27	0.427114	1	28	11.871579	2500
28	0.429808	1	28	11.890584	2500
29	0.429963	1	28	11.754647	2500
30	0.431716	1	28	11.758830	2500
