#cicle	avCl	components	diam	aspl	order
0	0.000000	1	98	33.333333	2500
1	0.363063	1	39	15.294715	2500
2	0.367243	1	36	14.714550	2500
3	0.367200	1	37	14.718833	2500
4	0.366988	1	37	14.655023	2500
5	0.367044	1	36	14.673959	2500
6	0.367418	1	35	14.631402	2500
7	0.366803	1	35	14.544396	2500
8	0.367480	1	35	14.490702	2500
9	0.370839	1	34	14.515748	2500
10	0.376285	1	35	14.437489	2500
11	0.374976	1	33	14.189206	2500
12	0.374659	1	33	14.081402	2500
13	0.379215	1	32	13.988905	2500
14	0.380329	1	31	13.815151	2500
15	0.385236	1	30	13.683836	2500
16	0.387724	1	30	13.641785	2500
17	0.390867	1	29	13.375784	2500
18	0.394847	1	29	13.256906	2500
19	0.397820	1	28	13.091679	2500
20	0.402439	1	27	13.038486	2500
21	0.403113	1	27	12.880889	2500
22	0.407408	1	26	12.636097	2500
23	0.408623	1	26	12.407100	2500
24	0.412137	1	25	12.206479	2500
25	0.417254	1	25	12.138840	2500
26	0.420126	1	24	11.980809	2500
27	0.423324	1	23	11.709988	2500
28	0.427890	1	24	11.747203	2500
29	0.431523	1	25	11.781041	2500
30	0.433361	1	24	11.667294	2500
