#cicle	avCl	components	diam	aspl	order
0	0.000000	1	98	33.333333	2500
1	0.335930	1	59	22.101138	2500
2	0.395141	1	43	16.820951	2500
3	0.309869	1	36	14.199982	2500
4	0.274634	1	32	13.041045	2500
5	0.258863	1	30	12.073018	2500
6	0.239431	1	29	11.594356	2500
7	0.231856	1	26	10.995087	2500
8	0.224070	1	25	10.563029	2500
9	0.216474	1	23	9.868581	2500
10	0.211098	1	23	9.921479	2500
11	0.210576	1	22	9.557217	2500
12	0.208071	1	21	9.400712	2500
13	0.204977	1	21	9.110787	2500
14	0.201828	1	19	9.058966	2500
15	0.199263	1	20	8.969230	2500
16	0.197058	1	19	8.633168	2500
17	0.192480	1	19	8.514115	2500
18	0.191703	1	18	8.380263	2500
19	0.192710	1	17	8.149491	2500
20	0.190091	1	17	8.039471	2500
21	0.192393	1	17	7.973650	2500
22	0.190871	1	16	7.725330	2500
23	0.191436	1	16	7.776477	2500
24	0.189979	1	16	7.767308	2500
25	0.186409	1	16	7.585184	2500
26	0.189120	1	16	7.598689	2500
27	0.188683	1	16	7.518957	2500
28	0.187873	1	16	7.452924	2500
29	0.185826	1	16	7.410897	2500
30	0.187421	1	16	7.272892	2500
