#cicle	avCl	components	diam	aspl	order
0	0.000000	1	98	33.333333	2500
1	0.035043	1	10	5.076610	2500
2	0.043270	1	9	4.801124	2500
3	0.045514	1	8	4.683545	2500
4	0.047794	1	8	4.600537	2500
5	0.051384	1	8	4.527212	2500
6	0.051538	1	7	4.488437	2500
7	0.055189	1	7	4.480467	2500
8	0.054585	1	7	4.450294	2500
9	0.058518	1	7	4.449163	2500
10	0.059920	1	7	4.430542	2500
11	0.056889	1	7	4.423672	2500
12	0.059705	1	7	4.420403	2500
13	0.059188	1	7	4.408467	2500
14	0.059690	1	7	4.404179	2500
15	0.058171	1	7	4.396070	2500
16	0.058938	1	7	4.393421	2500
17	0.061736	1	7	4.397969	2500
18	0.060468	1	7	4.396686	2500
19	0.061484	1	7	4.392176	2500
20	0.061104	1	7	4.391401	2500
21	0.058576	1	7	4.387698	2500
22	0.059656	1	7	4.393387	2500
23	0.061531	1	7	4.394925	2500
24	0.062292	1	7	4.389196	2500
25	0.062441	1	7	4.387797	2500
26	0.060632	1	7	4.382528	2500
27	0.058446	1	7	4.388478	2500
28	0.060557	1	7	4.389394	2500
29	0.062047	1	7	4.391077	2500
30	0.059966	1	7	4.393932	2500
