#cicle	avCl	components	diam	aspl	order
0	0.000000	1	98	33.333333	2500
1	0.038420	1	10	5.100003	2500
2	0.040639	1	8	4.789596	2500
3	0.043442	1	8	4.645155	2500
4	0.045718	1	8	4.553687	2500
5	0.044987	1	8	4.482797	2500
6	0.045739	1	7	4.439520	2500
7	0.049556	1	7	4.421538	2500
8	0.053899	1	7	4.404279	2500
9	0.051760	1	7	4.393604	2500
10	0.055386	1	7	4.383900	2500
11	0.056500	1	7	4.387311	2500
12	0.056454	1	7	4.382246	2500
13	0.054515	1	7	4.368742	2500
14	0.056012	1	7	4.378458	2500
15	0.058515	1	7	4.375761	2500
16	0.054323	1	7	4.363571	2500
17	0.054482	1	7	4.363052	2500
18	0.053048	1	7	4.356343	2500
19	0.055920	1	7	4.356473	2500
20	0.055578	1	7	4.356386	2500
21	0.054254	1	7	4.352845	2500
22	0.056569	1	7	4.354854	2500
23	0.056449	1	7	4.355841	2500
24	0.057300	1	7	4.352421	2500
25	0.060056	1	7	4.349471	2500
26	0.059181	1	7	4.351158	2500
27	0.055941	1	7	4.346303	2500
28	0.058034	1	7	4.350330	2500
29	0.056839	1	7	4.344966	2500
30	0.056187	1	7	4.342519	2500
