#cicle	avCl	components	diam	aspl	order
0	0.000000	1	98	33.333333	2500
1	0.039144	1	10	5.094854	2500
2	0.043555	1	9	4.779982	2500
3	0.046347	1	8	4.644214	2500
4	0.047283	1	8	4.549108	2500
5	0.045387	1	7	4.475808	2500
6	0.047936	1	7	4.447588	2500
7	0.050973	1	7	4.427552	2500
8	0.055263	1	7	4.402180	2500
9	0.054561	1	7	4.390691	2500
10	0.055087	1	7	4.385294	2500
11	0.054628	1	7	4.374203	2500
12	0.054890	1	7	4.367770	2500
13	0.054057	1	7	4.354956	2500
14	0.052995	1	7	4.349679	2500
15	0.053689	1	7	4.345670	2500
16	0.053502	1	7	4.347680	2500
17	0.050975	1	7	4.341354	2500
18	0.054545	1	7	4.340692	2500
19	0.056037	1	7	4.344202	2500
20	0.055520	1	7	4.345754	2500
21	0.056202	1	7	4.350202	2500
22	0.054623	1	7	4.346744	2500
23	0.056065	1	7	4.342920	2500
24	0.054992	1	7	4.336812	2500
25	0.057354	1	7	4.335800	2500
26	0.057471	1	7	4.344453	2500
27	0.055304	1	7	4.342097	2500
28	0.057271	1	7	4.350800	2500
29	0.058647	1	7	4.346478	2500
30	0.057345	1	7	4.346289	2500
