#cicle	avCl	components	diam	aspl	order
0	0.000000	1	98	33.333333	2500
1	0.332540	1	59	21.848046	2500
2	0.394817	1	44	16.970290	2500
3	0.309637	1	37	14.511148	2500
4	0.282380	1	32	13.140353	2500
5	0.258862	1	31	12.067620	2500
6	0.240915	1	29	11.538060	2500
7	0.233139	1	27	10.966893	2500
8	0.226084	1	25	10.574442	2500
9	0.215319	1	24	10.083774	2500
10	0.213604	1	23	9.805499	2500
11	0.212327	1	22	9.560897	2500
12	0.201599	1	22	9.357656	2500
13	0.202914	1	21	9.250599	2500
14	0.199697	1	20	8.960658	2500
15	0.191213	1	20	8.652389	2500
16	0.189803	1	20	8.583180	2500
17	0.189182	1	18	8.365628	2500
18	0.191070	1	18	8.204545	2500
19	0.194052	1	18	8.093119	2500
20	0.195085	1	17	7.873408	2500
21	0.190392	1	17	7.793066	2500
22	0.193028	1	16	7.725783	2500
23	0.188996	1	17	7.672643	2500
24	0.189628	1	17	7.748538	2500
25	0.190859	1	17	7.620568	2500
26	0.194024	1	16	7.530576	2500
27	0.188155	1	16	7.382996	2500
28	0.183927	1	16	7.326695	2500
29	0.185526	1	15	7.173781	2500
30	0.184880	1	15	7.080151	2500
