#cicle	avCl	components	diam	aspl	order
0	0.000000	1	98	33.333333	2500
1	0.333980	1	60	22.286630	2500
2	0.401478	1	44	17.075514	2500
3	0.309561	1	36	14.437329	2500
4	0.278048	1	31	12.920824	2500
5	0.255007	1	30	12.241793	2500
6	0.236436	1	28	11.465706	2500
7	0.231095	1	27	10.936254	2500
8	0.220658	1	24	10.511989	2500
9	0.212716	1	23	10.322762	2500
10	0.209662	1	23	9.871997	2500
11	0.207952	1	24	9.695625	2500
12	0.209005	1	22	9.443100	2500
13	0.199226	1	22	9.161264	2500
14	0.200543	1	22	8.943265	2500
15	0.199209	1	21	8.787003	2500
16	0.200844	1	19	8.584507	2500
17	0.194778	1	21	8.523868	2500
18	0.196198	1	19	8.343014	2500
19	0.190510	1	19	8.222812	2500
20	0.189557	1	19	8.149460	2500
21	0.191319	1	18	8.140392	2500
22	0.195608	1	19	8.116023	2500
23	0.196963	1	17	7.961987	2500
24	0.194112	1	17	7.744354	2500
25	0.190219	1	16	7.572539	2500
26	0.187553	1	16	7.518655	2500
27	0.186396	1	16	7.409428	2500
28	0.185583	1	16	7.285248	2500
29	0.190790	1	15	7.217836	2500
30	0.186336	1	15	7.192662	2500
