#cicle	avCl	components	diam	aspl	order
0	0.000000	1	98	33.333333	2500
1	0.036450	1	10	5.074711	2500
2	0.041405	1	9	4.792329	2500
3	0.043231	1	8	4.638770	2500
4	0.046710	1	8	4.545796	2500
5	0.049872	1	8	4.494469	2500
6	0.045984	1	8	4.444549	2500
7	0.046826	1	7	4.412523	2500
8	0.050935	1	7	4.403817	2500
9	0.053247	1	7	4.396775	2500
10	0.054321	1	7	4.381144	2500
11	0.054222	1	7	4.366518	2500
12	0.057279	1	7	4.362510	2500
13	0.055793	1	7	4.355801	2500
14	0.057021	1	7	4.359505	2500
15	0.058426	1	7	4.364391	2500
16	0.057155	1	7	4.354608	2500
17	0.055928	1	7	4.349850	2500
18	0.054884	1	7	4.347594	2500
19	0.055777	1	7	4.347040	2500
20	0.055779	1	7	4.344578	2500
21	0.055863	1	7	4.344379	2500
22	0.059256	1	7	4.339308	2500
23	0.057481	1	7	4.342770	2500
24	0.056653	1	7	4.336084	2500
25	0.053437	1	7	4.335482	2500
26	0.054685	1	7	4.337432	2500
27	0.053605	1	7	4.339621	2500
28	0.054240	1	7	4.332461	2500
29	0.054758	1	7	4.333119	2500
30	0.052502	1	7	4.334041	2500
