#cicle	avCl	components	diam	aspl	order
0	0.000000	1	98	33.333333	2500
1	0.331399	1	60	21.866336	2500
2	0.401393	1	44	17.016164	2500
3	0.311929	1	35	14.276494	2500
4	0.283788	1	33	13.125627	2500
5	0.257073	1	30	12.344097	2500
6	0.245622	1	29	11.842004	2500
7	0.238746	1	26	11.135499	2500
8	0.227999	1	24	10.640953	2500
9	0.219328	1	25	10.368275	2500
10	0.215024	1	22	10.097512	2500
11	0.209309	1	23	9.866142	2500
12	0.205839	1	23	9.485475	2500
13	0.204828	1	21	9.393078	2500
14	0.200196	1	21	8.983148	2500
15	0.199474	1	20	8.866423	2500
16	0.202028	1	20	8.937874	2500
17	0.203110	1	20	8.646735	2500
18	0.201061	1	20	8.540606	2500
19	0.197593	1	19	8.340931	2500
20	0.197252	1	19	8.134685	2500
21	0.199624	1	19	8.100751	2500
22	0.201407	1	17	7.988627	2500
23	0.200756	1	18	7.747731	2500
24	0.197308	1	17	7.847572	2500
25	0.199366	1	16	7.736949	2500
26	0.195252	1	17	7.668166	2500
27	0.196593	1	16	7.679511	2500
28	0.189265	1	16	7.577714	2500
29	0.188741	1	16	7.597352	2500
30	0.188712	1	17	7.550908	2500
