#cicle	avCl	components	diam	aspl	order
0	0.000000	1	98	33.333333	2500
1	0.334258	1	59	22.071760	2500
2	0.403475	1	43	16.866792	2500
3	0.319389	1	38	14.593239	2500
4	0.282097	1	33	13.151624	2500
5	0.264293	1	31	12.368075	2500
6	0.246337	1	28	11.628347	2500
7	0.237841	1	27	11.025517	2500
8	0.230051	1	26	10.641364	2500
9	0.217535	1	24	10.132302	2500
10	0.212968	1	23	9.882078	2500
11	0.211303	1	22	9.573622	2500
12	0.211326	1	22	9.363151	2500
13	0.206041	1	21	9.207401	2500
14	0.207349	1	21	8.960406	2500
15	0.200910	1	19	8.703175	2500
16	0.202335	1	21	8.933419	2500
17	0.202304	1	20	8.699139	2500
18	0.198702	1	19	8.593097	2500
19	0.195991	1	20	8.455259	2500
20	0.196459	1	18	8.274116	2500
21	0.193864	1	19	8.235945	2500
22	0.196638	1	18	8.147688	2500
23	0.193777	1	18	8.170623	2500
24	0.195297	1	18	8.068482	2500
25	0.192582	1	18	7.986959	2500
26	0.196100	1	18	7.958617	2500
27	0.195890	1	18	7.964867	2500
28	0.196099	1	17	7.847489	2500
29	0.192115	1	18	7.662094	2500
30	0.186505	1	17	7.529845	2500
