#cicle	avCl	components	diam	aspl	order
0	0.000000	1	98	33.333333	2500
1	0.363061	1	39	15.345805	2500
2	0.368068	1	36	14.357845	2500
3	0.367318	1	35	14.306088	2500
4	0.366829	1	35	14.270760	2500
5	0.368461	1	34	14.267552	2500
6	0.368491	1	35	14.276470	2500
7	0.370248	1	35	14.225769	2500
8	0.370837	1	35	14.212708	2500
9	0.371528	1	34	14.201886	2500
10	0.372929	1	35	14.210821	2500
11	0.373412	1	34	14.155641	2500
12	0.372666	1	34	14.117582	2500
13	0.374695	1	33	14.102710	2500
14	0.373871	1	34	14.067415	2500
15	0.375839	1	33	14.013155	2500
16	0.376282	1	32	13.936324	2500
17	0.377308	1	32	13.892298	2500
18	0.374623	1	31	13.897491	2500
19	0.377443	1	31	13.865334	2500
20	0.378430	1	31	13.813435	2500
21	0.380413	1	32	13.780390	2500
22	0.382333	1	31	13.743424	2500
23	0.383349	1	31	13.687526	2500
24	0.383977	1	30	13.550608	2500
25	0.384715	1	30	13.511066	2500
26	0.387633	1	30	13.489217	2500
27	0.389144	1	30	13.458872	2500
28	0.388815	1	29	13.313098	2500
29	0.390482	1	29	13.198381	2500
30	0.393950	1	29	13.125248	2500
