#cicle	avCl	components	diam	aspl	order
0	0.000000	1	98	33.333333	2500
1	0.367910	1	39	15.430963	2500
2	0.374010	1	37	14.666766	2500
3	0.372344	1	37	14.653798	2500
4	0.369281	1	37	14.643344	2500
5	0.369174	1	37	14.662022	2500
6	0.368424	1	37	14.701201	2500
7	0.369892	1	37	14.691613	2500
8	0.371072	1	37	14.689701	2500
9	0.373479	1	38	14.774924	2500
10	0.372155	1	38	14.775409	2500
11	0.370044	1	37	14.769536	2500
12	0.369723	1	36	14.775420	2500
13	0.368419	1	37	14.772399	2500
14	0.367687	1	37	14.760896	2500
15	0.368586	1	37	14.737530	2500
16	0.367808	1	38	14.726211	2500
17	0.368727	1	38	14.761038	2500
18	0.368081	1	36	14.722729	2500
19	0.367274	1	37	14.752931	2500
20	0.368103	1	38	14.821285	2500
21	0.367189	1	37	14.851068	2500
22	0.369834	1	38	14.863485	2500
23	0.370369	1	37	14.863469	2500
24	0.370817	1	38	14.907013	2500
25	0.371398	1	39	14.905296	2500
26	0.370552	1	40	14.971650	2500
27	0.371734	1	39	15.046707	2500
28	0.370013	1	39	15.012764	2500
29	0.370415	1	38	15.002651	2500
30	0.367981	1	39	14.974315	2500
