#cicle	avCl	components	diam	aspl	order
0	0.000000	1	98	33.333333	2500
1	0.334550	1	59	21.917228	2500
2	0.397090	1	44	16.860946	2500
3	0.312580	1	36	14.304726	2500
4	0.274582	1	33	13.127137	2500
5	0.254710	1	30	12.051537	2500
6	0.239366	1	29	11.634360	2500
7	0.227855	1	26	11.028330	2500
8	0.220169	1	26	10.528203	2500
9	0.216429	1	23	10.199387	2500
10	0.214303	1	23	9.955538	2500
11	0.210785	1	23	9.839952	2500
12	0.207205	1	22	9.429706	2500
13	0.203187	1	21	9.232716	2500
14	0.197800	1	21	9.064285	2500
15	0.192226	1	20	8.819838	2500
16	0.191354	1	19	8.588312	2500
17	0.193463	1	19	8.473106	2500
18	0.191704	1	19	8.449962	2500
19	0.192889	1	18	8.346839	2500
20	0.195072	1	18	8.371903	2500
21	0.193066	1	18	8.244831	2500
22	0.193298	1	18	8.200629	2500
23	0.191117	1	18	8.007420	2500
24	0.190750	1	17	7.936761	2500
25	0.187151	1	17	7.829146	2500
26	0.190440	1	17	7.889977	2500
27	0.186935	1	17	7.778609	2500
28	0.188538	1	17	7.714650	2500
29	0.185910	1	17	7.701090	2500
30	0.190901	1	16	7.559950	2500
