#cicle	avCl	components	diam	aspl	order
0	0.000000	1	98	33.333333	2500
1	0.036009	1	10	5.066115	2500
2	0.040210	1	9	4.774455	2500
3	0.044021	1	8	4.622875	2500
4	0.049046	1	8	4.545381	2500
5	0.051689	1	8	4.493698	2500
6	0.050522	1	7	4.453746	2500
7	0.053480	1	7	4.436895	2500
8	0.056142	1	7	4.418830	2500
9	0.054969	1	7	4.403117	2500
10	0.051924	1	7	4.378948	2500
11	0.052602	1	7	4.364307	2500
12	0.053497	1	7	4.362410	2500
13	0.054677	1	7	4.365434	2500
14	0.053742	1	7	4.359236	2500
15	0.054370	1	7	4.352286	2500
16	0.055617	1	7	4.353776	2500
17	0.056517	1	7	4.349303	2500
18	0.056343	1	7	4.352073	2500
19	0.059437	1	7	4.351258	2500
20	0.055070	1	7	4.345401	2500
21	0.054672	1	7	4.350701	2500
22	0.054726	1	7	4.345148	2500
23	0.053134	1	7	4.347010	2500
24	0.053393	1	7	4.335796	2500
25	0.055351	1	7	4.337463	2500
26	0.057639	1	7	4.346326	2500
27	0.056812	1	7	4.341726	2500
28	0.055752	1	7	4.342171	2500
29	0.056749	1	7	4.340206	2500
30	0.055426	1	7	4.339014	2500
