#cicle	avCl	components	diam	aspl	order
0	0.000000	1	98	33.333333	2500
1	0.329984	1	59	21.935369	2500
2	0.393655	1	43	16.740426	2500
3	0.311588	1	37	14.369196	2500
4	0.283813	1	32	13.185143	2500
5	0.255055	1	30	12.210446	2500
6	0.245377	1	27	11.470667	2500
7	0.230261	1	26	11.157998	2500
8	0.225104	1	26	10.616961	2500
9	0.217157	1	25	10.278957	2500
10	0.210494	1	22	9.855042	2500
11	0.205628	1	21	9.616974	2500
12	0.203054	1	20	9.245877	2500
13	0.203680	1	20	8.946698	2500
14	0.200784	1	20	8.666011	2500
15	0.195084	1	19	8.670659	2500
16	0.198463	1	20	8.593266	2500
17	0.195064	1	18	8.452886	2500
18	0.194969	1	17	8.190691	2500
19	0.192839	1	18	8.111326	2500
20	0.192414	1	18	7.983529	2500
21	0.187115	1	18	7.990357	2500
22	0.191954	1	17	7.855226	2500
23	0.192292	1	17	7.844976	2500
24	0.190115	1	16	7.723953	2500
25	0.187344	1	17	7.740485	2500
26	0.189347	1	16	7.638218	2500
27	0.185492	1	16	7.597435	2500
28	0.188846	1	17	7.503260	2500
29	0.184266	1	16	7.333252	2500
30	0.186572	1	16	7.324848	2500
