#cicle	avCl	components	diam	aspl	order
0	0.000000	1	98	33.333333	2500
1	0.336236	1	59	21.948127	2500
2	0.399141	1	44	16.807936	2500
3	0.314131	1	35	14.457149	2500
4	0.275443	1	33	13.151668	2500
5	0.255451	1	29	12.152753	2500
6	0.242954	1	27	11.408921	2500
7	0.229272	1	26	10.946461	2500
8	0.222552	1	26	10.707121	2500
9	0.214145	1	25	10.357740	2500
10	0.215774	1	23	10.119735	2500
11	0.210866	1	24	10.059437	2500
12	0.207109	1	23	9.696112	2500
13	0.203812	1	23	9.390167	2500
14	0.202896	1	22	9.263490	2500
15	0.201319	1	21	9.068195	2500
16	0.193339	1	20	8.567248	2500
17	0.196321	1	19	8.424447	2500
18	0.193459	1	19	8.397146	2500
19	0.193884	1	18	8.304941	2500
20	0.196416	1	18	8.177625	2500
21	0.194156	1	18	8.110957	2500
22	0.194630	1	17	7.887833	2500
23	0.186283	1	17	7.833548	2500
24	0.185721	1	17	7.629672	2500
25	0.188399	1	16	7.501467	2500
26	0.187368	1	16	7.427635	2500
27	0.187437	1	16	7.311831	2500
28	0.189690	1	16	7.294804	2500
29	0.194049	1	16	7.284277	2500
30	0.191142	1	16	7.098226	2500
