#cicle	avCl	components	diam	aspl	order
0	0.000000	1	98	33.333333	2500
1	0.333825	1	60	21.930040	2500
2	0.398027	1	42	16.741254	2500
3	0.311847	1	37	14.382688	2500
4	0.283448	1	33	13.186826	2500
5	0.261353	1	29	12.240028	2500
6	0.241649	1	27	11.565976	2500
7	0.225643	1	27	11.163357	2500
8	0.219193	1	26	10.638772	2500
9	0.215497	1	24	10.263272	2500
10	0.209078	1	23	10.067686	2500
11	0.211525	1	23	9.797957	2500
12	0.208049	1	21	9.395456	2500
13	0.206681	1	21	9.063980	2500
14	0.200934	1	21	9.060846	2500
15	0.202228	1	20	8.866096	2500
16	0.198277	1	20	8.597921	2500
17	0.197778	1	19	8.473819	2500
18	0.195372	1	19	8.232167	2500
19	0.195265	1	18	8.200937	2500
20	0.189559	1	18	8.017427	2500
21	0.187441	1	18	7.929697	2500
22	0.190729	1	17	7.888957	2500
23	0.193032	1	17	7.782701	2500
24	0.190168	1	16	7.566000	2500
25	0.190712	1	16	7.485144	2500
26	0.193160	1	15	7.383251	2500
27	0.193331	1	15	7.301651	2500
28	0.191221	1	15	7.228756	2500
29	0.186614	1	16	7.314747	2500
30	0.186222	1	15	7.057731	2500
