#cicle	avCl	components	diam	aspl	order
0	0.000000	1	98	33.333333	2500
1	0.037067	1	10	5.028387	2500
2	0.044601	1	9	4.749461	2500
3	0.043916	1	8	4.618095	2500
4	0.047215	1	8	4.534816	2500
5	0.044717	1	7	4.482507	2500
6	0.049034	1	7	4.449868	2500
7	0.051468	1	7	4.420972	2500
8	0.050993	1	7	4.393120	2500
9	0.050372	1	7	4.383339	2500
10	0.050267	1	7	4.367124	2500
11	0.051567	1	7	4.363429	2500
12	0.050592	1	7	4.343273	2500
13	0.054033	1	7	4.346493	2500
14	0.056081	1	7	4.349858	2500
15	0.055121	1	7	4.341887	2500
16	0.053460	1	7	4.338535	2500
17	0.053625	1	7	4.336937	2500
18	0.057036	1	7	4.338919	2500
19	0.055695	1	7	4.334507	2500
20	0.053977	1	7	4.333459	2500
21	0.053806	1	7	4.334054	2500
22	0.057282	1	7	4.333576	2500
23	0.054896	1	7	4.331257	2500
24	0.057247	1	7	4.337322	2500
25	0.055432	1	7	4.339610	2500
26	0.058622	1	7	4.340991	2500
27	0.054828	1	7	4.335410	2500
28	0.059336	1	7	4.345607	2500
29	0.057901	1	7	4.342347	2500
30	0.056873	1	7	4.342502	2500
