#cicle	avCl	components	diam	aspl	order
0	0.000000	1	98	33.333333	2500
1	0.362156	1	37	15.083859	2500
2	0.364339	1	33	14.090282	2500
3	0.365434	1	33	14.092232	2500
4	0.364820	1	34	14.076756	2500
5	0.365615	1	33	14.063307	2500
6	0.368324	1	33	14.058415	2500
7	0.365930	1	33	14.045131	2500
8	0.366836	1	32	14.049975	2500
9	0.369308	1	33	14.029216	2500
10	0.371012	1	33	13.945378	2500
11	0.373326	1	33	13.926883	2500
12	0.374983	1	31	13.927581	2500
13	0.377462	1	32	13.903269	2500
14	0.378967	1	32	13.885695	2500
15	0.379471	1	32	13.861576	2500
16	0.381611	1	32	13.795570	2500
17	0.381189	1	32	13.787861	2500
18	0.383817	1	31	13.709266	2500
19	0.384714	1	31	13.678155	2500
20	0.387758	1	31	13.551958	2500
21	0.390657	1	30	13.443912	2500
22	0.391893	1	29	13.317495	2500
23	0.393292	1	29	13.243142	2500
24	0.395014	1	28	13.066427	2500
25	0.399821	1	28	12.998418	2500
26	0.399724	1	26	12.744996	2500
27	0.402605	1	26	12.664897	2500
28	0.405254	1	26	12.431124	2500
29	0.408148	1	26	12.457306	2500
30	0.412390	1	25	12.299637	2500
