#cicle	avCl	components	diam	aspl	order
0	0.000000	1	98	33.333333	2500
1	0.360830	1	39	15.379860	2500
2	0.367177	1	37	14.555141	2500
3	0.365939	1	36	14.547721	2500
4	0.364553	1	36	14.498192	2500
5	0.364700	1	36	14.546800	2500
6	0.363784	1	36	14.502743	2500
7	0.365009	1	36	14.522221	2500
8	0.365924	1	36	14.522546	2500
9	0.365519	1	36	14.609188	2500
10	0.365960	1	37	14.667565	2500
11	0.366985	1	37	14.675693	2500
12	0.368015	1	37	14.678360	2500
13	0.367735	1	37	14.704223	2500
14	0.365959	1	36	14.697351	2500
15	0.366855	1	36	14.778280	2500
16	0.366705	1	35	14.767180	2500
17	0.365074	1	36	14.730556	2500
18	0.364580	1	35	14.698342	2500
19	0.365913	1	35	14.701781	2500
20	0.365732	1	35	14.758344	2500
21	0.365714	1	35	14.797212	2500
22	0.366559	1	36	14.790015	2500
23	0.365544	1	37	14.944728	2500
24	0.363125	1	37	14.921071	2500
25	0.364971	1	36	14.952822	2500
26	0.367719	1	36	15.014394	2500
27	0.366728	1	36	15.034559	2500
28	0.367158	1	37	15.084803	2500
29	0.366635	1	37	15.063014	2500
30	0.367009	1	38	15.082052	2500
