#cicle	avCl	components	diam	aspl	order
0	0.000000	1	98	33.333333	2500
1	0.035044	1	10	5.094203	2500
2	0.042445	1	9	4.787648	2500
3	0.044060	1	8	4.642526	2500
4	0.045616	1	8	4.567317	2500
5	0.047831	1	7	4.506833	2500
6	0.051302	1	8	4.492364	2500
7	0.051037	1	7	4.449329	2500
8	0.054733	1	7	4.425321	2500
9	0.056408	1	7	4.415784	2500
10	0.057822	1	7	4.397478	2500
11	0.056355	1	7	4.393376	2500
12	0.055309	1	7	4.372692	2500
13	0.051567	1	7	4.371081	2500
14	0.054111	1	7	4.365123	2500
15	0.053056	1	7	4.358022	2500
16	0.056815	1	7	4.358781	2500
17	0.058947	1	7	4.361015	2500
18	0.059228	1	7	4.358579	2500
19	0.060563	1	7	4.355461	2500
20	0.061388	1	7	4.362023	2500
21	0.060547	1	7	4.353988	2500
22	0.058043	1	7	4.355856	2500
23	0.056486	1	7	4.346286	2500
24	0.061352	1	7	4.357941	2500
25	0.056082	1	7	4.346638	2500
26	0.056052	1	7	4.347455	2500
27	0.057007	1	7	4.343988	2500
28	0.059519	1	7	4.344844	2500
29	0.056965	1	7	4.343084	2500
30	0.056720	1	7	4.347005	2500
