#cicle	avCl	components	diam	aspl	order
0	0.000000	1	98	33.333333	2500
1	0.038215	1	10	5.062134	2500
2	0.044462	1	9	4.771779	2500
3	0.045393	1	8	4.660738	2500
4	0.048721	1	8	4.564058	2500
5	0.050082	1	8	4.527523	2500
6	0.050590	1	8	4.475049	2500
7	0.052321	1	7	4.437232	2500
8	0.052061	1	7	4.425574	2500
9	0.053003	1	7	4.407736	2500
10	0.056293	1	7	4.401401	2500
11	0.056446	1	7	4.392082	2500
12	0.056909	1	7	4.377051	2500
13	0.058251	1	7	4.371922	2500
14	0.054510	1	7	4.364881	2500
15	0.053095	1	7	4.360164	2500
16	0.053672	1	7	4.348711	2500
17	0.055910	1	7	4.347557	2500
18	0.056751	1	7	4.352828	2500
19	0.055789	1	7	4.350164	2500
20	0.056931	1	7	4.347072	2500
21	0.054925	1	7	4.339738	2500
22	0.059262	1	7	4.346307	2500
23	0.057016	1	7	4.341788	2500
24	0.058627	1	7	4.348233	2500
25	0.055226	1	7	4.331712	2500
26	0.055103	1	7	4.328052	2500
27	0.056847	1	7	4.335291	2500
28	0.054759	1	7	4.333961	2500
29	0.053374	1	7	4.334358	2500
30	0.054058	1	7	4.330276	2500
