#cicle	avCl	components	diam	aspl	order
0	0.000000	1	98	33.333333	2500
1	0.365135	1	39	15.445388	2500
2	0.370622	1	37	14.615608	2500
3	0.367505	1	36	14.606955	2500
4	0.367442	1	36	14.586829	2500
5	0.366369	1	36	14.571744	2500
6	0.367367	1	35	14.577343	2500
7	0.368994	1	35	14.556225	2500
8	0.371359	1	35	14.531985	2500
9	0.372669	1	35	14.534851	2500
10	0.372052	1	35	14.477114	2500
11	0.372842	1	34	14.431673	2500
12	0.372056	1	34	14.325343	2500
13	0.376431	1	34	14.263134	2500
14	0.378910	1	33	14.053755	2500
15	0.380405	1	33	14.023797	2500
16	0.383882	1	31	13.925053	2500
17	0.387375	1	31	13.929815	2500
18	0.389584	1	31	13.821548	2500
19	0.393243	1	30	13.694097	2500
20	0.394503	1	30	13.649270	2500
21	0.397035	1	29	13.520333	2500
22	0.401966	1	29	13.381041	2500
23	0.401269	1	29	13.293191	2500
24	0.405221	1	28	13.047579	2500
25	0.406485	1	27	12.892129	2500
26	0.408855	1	25	12.588613	2500
27	0.414120	1	25	12.529637	2500
28	0.416815	1	25	12.469593	2500
29	0.419796	1	25	12.410470	2500
30	0.421958	1	25	12.451535	2500
