#cicle	avCl	components	diam	aspl	order
0	0.000000	1	98	33.333333	2500
1	0.334448	1	59	22.024445	2500
2	0.395398	1	44	16.930062	2500
3	0.312505	1	36	14.546737	2500
4	0.277647	1	32	12.955534	2500
5	0.258906	1	30	12.260016	2500
6	0.241536	1	29	11.596623	2500
7	0.229652	1	27	11.020685	2500
8	0.221895	1	26	10.619129	2500
9	0.216571	1	24	10.316119	2500
10	0.212570	1	25	10.036516	2500
11	0.209218	1	23	9.730571	2500
12	0.206182	1	23	9.456455	2500
13	0.202367	1	22	9.304004	2500
14	0.201022	1	21	9.043120	2500
15	0.202856	1	20	8.824483	2500
16	0.198500	1	20	8.571442	2500
17	0.200193	1	20	8.554814	2500
18	0.198928	1	18	8.317214	2500
19	0.193197	1	18	8.046810	2500
20	0.194081	1	19	8.046427	2500
21	0.192133	1	18	7.959737	2500
22	0.190879	1	18	7.885701	2500
23	0.192560	1	17	7.711403	2500
24	0.191812	1	17	7.641267	2500
25	0.189736	1	17	7.585344	2500
26	0.189525	1	16	7.659444	2500
27	0.191167	1	17	7.676393	2500
28	0.189457	1	16	7.520599	2500
29	0.188216	1	16	7.398197	2500
30	0.185628	1	16	7.408050	2500
