#cicle	avCl	components	diam	aspl	order
0	0.000000	1	98	33.333333	2500
1	0.038559	1	10	5.110147	2500
2	0.038884	1	9	4.778627	2500
3	0.043699	1	8	4.633829	2500
4	0.046579	1	8	4.559397	2500
5	0.046513	1	7	4.489755	2500
6	0.049874	1	7	4.457876	2500
7	0.049870	1	7	4.431187	2500
8	0.053936	1	7	4.416138	2500
9	0.053595	1	7	4.398653	2500
10	0.053428	1	7	4.378226	2500
11	0.050539	1	7	4.362459	2500
12	0.050429	1	7	4.354593	2500
13	0.053154	1	7	4.360641	2500
14	0.053439	1	7	4.352932	2500
15	0.052872	1	7	4.341424	2500
16	0.054873	1	7	4.338619	2500
17	0.055395	1	7	4.337607	2500
18	0.056066	1	7	4.336292	2500
19	0.054762	1	7	4.338803	2500
20	0.056759	1	7	4.343781	2500
21	0.057021	1	7	4.341560	2500
22	0.054620	1	7	4.329464	2500
23	0.052041	1	7	4.336521	2500
24	0.053187	1	7	4.337686	2500
25	0.054184	1	7	4.332247	2500
26	0.055780	1	7	4.330264	2500
27	0.052743	1	7	4.329291	2500
28	0.052444	1	7	4.327520	2500
29	0.052986	1	7	4.330703	2500
30	0.053678	1	7	4.325700	2500
