#cicle	avCl	components	diam	aspl	order
0	0.000000	1	98	33.333333	2500
1	0.035892	1	10	5.084137	2500
2	0.041478	1	9	4.787353	2500
3	0.042855	1	8	4.620319	2500
4	0.046496	1	8	4.533782	2500
5	0.045760	1	8	4.481018	2500
6	0.046276	1	7	4.429967	2500
7	0.049837	1	7	4.412779	2500
8	0.052893	1	7	4.400293	2500
9	0.052439	1	7	4.386331	2500
10	0.055719	1	7	4.369066	2500
11	0.055158	1	7	4.367602	2500
12	0.055716	1	7	4.356858	2500
13	0.055948	1	7	4.354220	2500
14	0.057576	1	7	4.350307	2500
15	0.055014	1	7	4.347529	2500
16	0.055308	1	7	4.347939	2500
17	0.055152	1	7	4.352902	2500
18	0.055527	1	7	4.347352	2500
19	0.054149	1	7	4.341217	2500
20	0.052233	1	7	4.342726	2500
21	0.054045	1	7	4.343584	2500
22	0.050426	1	7	4.335349	2500
23	0.052596	1	7	4.335455	2500
24	0.054703	1	7	4.342044	2500
25	0.056554	1	7	4.340913	2500
26	0.055972	1	7	4.340890	2500
27	0.056886	1	7	4.340397	2500
28	0.053383	1	7	4.329604	2500
29	0.055119	1	7	4.332853	2500
30	0.056228	1	7	4.333477	2500
