#cicle	avCl	components	diam	aspl	order
0	0.000000	1	98	33.333333	2500
1	0.034356	1	9	5.050191	2500
2	0.043726	1	9	4.806661	2500
3	0.041903	1	8	4.643208	2500
4	0.044783	1	8	4.544158	2500
5	0.045388	1	7	4.483016	2500
6	0.049966	1	7	4.451524	2500
7	0.052853	1	7	4.429790	2500
8	0.053168	1	7	4.409910	2500
9	0.051140	1	7	4.383091	2500
10	0.051530	1	7	4.369663	2500
11	0.053140	1	7	4.361308	2500
12	0.053141	1	7	4.358921	2500
13	0.051318	1	7	4.346564	2500
14	0.052170	1	7	4.347565	2500
15	0.050447	1	7	4.336799	2500
16	0.051229	1	7	4.325278	2500
17	0.053395	1	7	4.329390	2500
18	0.053928	1	7	4.336138	2500
19	0.053875	1	7	4.335246	2500
20	0.053437	1	7	4.336225	2500
21	0.052756	1	7	4.330304	2500
22	0.055904	1	7	4.338604	2500
23	0.054241	1	7	4.336080	2500
24	0.055582	1	7	4.334381	2500
25	0.055964	1	7	4.339636	2500
26	0.056049	1	7	4.337319	2500
27	0.056124	1	7	4.334812	2500
28	0.056822	1	7	4.330865	2500
29	0.057894	1	7	4.332590	2500
30	0.053948	1	7	4.326475	2500
