#cicle	avCl	components	diam	aspl	order
0	0.000000	1	98	33.333333	2500
1	0.037891	1	10	5.056865	2500
2	0.043738	1	9	4.772642	2500
3	0.041792	1	8	4.618860	2500
4	0.047314	1	8	4.559566	2500
5	0.046486	1	7	4.486429	2500
6	0.050865	1	7	4.448351	2500
7	0.050630	1	8	4.418043	2500
8	0.050141	1	7	4.389574	2500
9	0.052673	1	7	4.382147	2500
10	0.052996	1	7	4.372125	2500
11	0.053065	1	7	4.369770	2500
12	0.058700	1	7	4.368988	2500
13	0.054733	1	7	4.359394	2500
14	0.056724	1	7	4.356705	2500
15	0.054666	1	7	4.348398	2500
16	0.055851	1	7	4.345566	2500
17	0.053806	1	7	4.340385	2500
18	0.054410	1	7	4.336509	2500
19	0.054656	1	7	4.337240	2500
20	0.053187	1	7	4.330734	2500
21	0.055000	1	7	4.335325	2500
22	0.054282	1	7	4.336108	2500
23	0.054887	1	7	4.334670	2500
24	0.054759	1	7	4.336042	2500
25	0.053460	1	7	4.335269	2500
26	0.055421	1	7	4.337064	2500
27	0.056362	1	7	4.331420	2500
28	0.057838	1	7	4.341972	2500
29	0.057419	1	7	4.340933	2500
30	0.057068	1	7	4.335675	2500
