#cicle	avCl	components	diam	aspl	order
0	0.000000	1	98	33.333333	2500
1	0.037364	1	10	5.095579	2500
2	0.041761	1	9	4.769062	2500
3	0.045371	1	8	4.608817	2500
4	0.047450	1	8	4.526456	2500
5	0.049718	1	7	4.471622	2500
6	0.049249	1	7	4.440938	2500
7	0.049399	1	7	4.410908	2500
8	0.050403	1	7	4.396422	2500
9	0.050143	1	7	4.386687	2500
10	0.050609	1	7	4.373849	2500
11	0.053974	1	7	4.368591	2500
12	0.050171	1	7	4.357200	2500
13	0.050522	1	7	4.345465	2500
14	0.050898	1	7	4.340747	2500
15	0.052574	1	7	4.345104	2500
16	0.050812	1	7	4.338948	2500
17	0.052397	1	7	4.338040	2500
18	0.053626	1	7	4.334146	2500
19	0.056103	1	7	4.332776	2500
20	0.052912	1	7	4.326938	2500
21	0.055436	1	7	4.330566	2500
22	0.055596	1	7	4.336209	2500
23	0.054826	1	7	4.333694	2500
24	0.055792	1	7	4.334605	2500
25	0.054191	1	7	4.337180	2500
26	0.055298	1	7	4.339270	2500
27	0.055736	1	7	4.335854	2500
28	0.055572	1	7	4.342229	2500
29	0.056033	1	7	4.343997	2500
30	0.057677	1	7	4.345206	2500
