#cicle	avCl	components	diam	aspl	order
0	0.000000	1	98	33.333333	2500
1	0.331464	1	59	21.755680	2500
2	0.394630	1	43	16.714993	2500
3	0.309844	1	36	14.260129	2500
4	0.276724	1	34	13.178552	2500
5	0.260468	1	30	12.163147	2500
6	0.242699	1	28	11.511759	2500
7	0.234041	1	28	11.221914	2500
8	0.227781	1	27	10.833764	2500
9	0.217322	1	25	10.169568	2500
10	0.216866	1	23	10.001913	2500
11	0.209022	1	22	9.650630	2500
12	0.208621	1	22	9.595467	2500
13	0.206967	1	21	9.332023	2500
14	0.205440	1	20	9.246324	2500
15	0.199603	1	20	8.923195	2500
16	0.195462	1	20	8.817982	2500
17	0.195212	1	19	8.687733	2500
18	0.193588	1	18	8.485430	2500
19	0.189559	1	18	8.313776	2500
20	0.187552	1	18	8.161495	2500
21	0.185865	1	18	8.103894	2500
22	0.193399	1	18	8.048696	2500
23	0.189081	1	16	7.897117	2500
24	0.188050	1	17	7.870448	2500
25	0.188896	1	16	7.814918	2500
26	0.190337	1	16	7.707261	2500
27	0.189445	1	16	7.587728	2500
28	0.190246	1	16	7.623624	2500
29	0.186496	1	16	7.402322	2500
30	0.184376	1	16	7.247514	2500
