#cicle	avCl	components	diam	aspl	order
0	0.000000	1	98	33.333333	2500
1	0.365605	1	39	15.167553	2500
2	0.368401	1	35	14.069529	2500
3	0.368384	1	35	14.082520	2500
4	0.368739	1	33	14.053554	2500
5	0.369750	1	33	14.030659	2500
6	0.370435	1	33	14.017007	2500
7	0.372023	1	33	13.989737	2500
8	0.371547	1	33	13.982756	2500
9	0.372632	1	32	13.919564	2500
10	0.374743	1	32	13.870853	2500
11	0.375607	1	32	13.868004	2500
12	0.376915	1	31	13.827776	2500
13	0.377031	1	31	13.795190	2500
14	0.378763	1	31	13.778629	2500
15	0.382544	1	31	13.731215	2500
16	0.383614	1	31	13.672238	2500
17	0.382850	1	31	13.683182	2500
18	0.384091	1	31	13.614840	2500
19	0.383875	1	30	13.559758	2500
20	0.386458	1	29	13.531381	2500
21	0.386832	1	29	13.497851	2500
22	0.388237	1	29	13.423856	2500
23	0.388869	1	29	13.411508	2500
24	0.389552	1	29	13.375329	2500
25	0.392532	1	29	13.382388	2500
26	0.393526	1	30	13.352730	2500
27	0.393616	1	29	13.262647	2500
28	0.394295	1	30	13.248330	2500
29	0.395382	1	28	13.167118	2500
30	0.397850	1	28	13.071823	2500
