#cicle	avCl	components	diam	aspl	order
0	0.000000	1	98	33.333333	2500
1	0.332621	1	59	21.988248	2500
2	0.402490	1	45	16.845584	2500
3	0.320668	1	36	14.387464	2500
4	0.285949	1	33	13.158115	2500
5	0.263879	1	31	12.288592	2500
6	0.248420	1	28	11.643685	2500
7	0.240642	1	26	11.037846	2500
8	0.232440	1	26	10.655502	2500
9	0.225911	1	24	10.292577	2500
10	0.218148	1	24	9.964291	2500
11	0.217378	1	22	9.688978	2500
12	0.214600	1	21	9.444835	2500
13	0.213298	1	21	9.224494	2500
14	0.210378	1	21	9.228267	2500
15	0.210147	1	21	9.053526	2500
16	0.206288	1	21	8.921617	2500
17	0.203470	1	20	8.748719	2500
18	0.204368	1	20	8.686544	2500
19	0.199942	1	19	8.510682	2500
20	0.198528	1	19	8.346537	2500
21	0.196602	1	18	8.361800	2500
22	0.193013	1	19	8.330676	2500
23	0.189827	1	18	8.063144	2500
24	0.188132	1	18	8.091903	2500
25	0.188595	1	18	7.910682	2500
26	0.188923	1	17	7.709103	2500
27	0.190016	1	17	7.675859	2500
28	0.190812	1	17	7.681121	2500
29	0.193890	1	17	7.595317	2500
30	0.198252	1	17	7.550904	2500
