#cicle	avCl	components	diam	aspl	order
0	0.000000	1	98	33.333333	2500
1	0.332695	1	58	21.849201	2500
2	0.394176	1	44	16.839251	2500
3	0.305237	1	37	14.185392	2500
4	0.273034	1	33	12.977102	2500
5	0.253632	1	29	11.864985	2500
6	0.241721	1	27	11.472193	2500
7	0.228656	1	26	10.833830	2500
8	0.224502	1	25	10.235885	2500
9	0.214446	1	24	10.195842	2500
10	0.208298	1	23	9.930004	2500
11	0.203987	1	22	9.527157	2500
12	0.197732	1	22	9.215754	2500
13	0.197920	1	20	8.964391	2500
14	0.196519	1	19	8.852372	2500
15	0.198994	1	20	8.863849	2500
16	0.193835	1	20	8.655224	2500
17	0.194035	1	18	8.416494	2500
18	0.189596	1	18	8.424382	2500
19	0.192449	1	17	8.160699	2500
20	0.188198	1	19	8.243022	2500
21	0.192845	1	19	8.127676	2500
22	0.192149	1	17	8.032700	2500
23	0.190952	1	16	7.868961	2500
24	0.187642	1	17	7.715259	2500
25	0.187371	1	17	7.777649	2500
26	0.191526	1	17	7.728413	2500
27	0.191151	1	16	7.594977	2500
28	0.190081	1	16	7.536016	2500
29	0.188825	1	16	7.424111	2500
30	0.187467	1	15	7.290725	2500
